method,RequirementT,RequirementN,RequirementU
1,1,7,0
2,0,0,8
3,2,6,0
4,1,7,0
5,2,6,0
6,2,6,0
7,2,6,0
8,2,6,0
9,2,6,0
10,2,6,0
11,2,6,0
12,2,6,0
13,1,7,0
14,1,7,0
15,1,7,0
16,1,7,0
17,1,7,0
18,1,7,0
19,1,7,0
20,0,0,8
21,0,0,8
22,2,6,0
23,1,7,0
24,1,7,0
25,0,0,8
26,2,6,0
27,1,7,0
28,1,7,0
29,1,7,0
30,1,7,0
31,1,7,0
32,1,7,0
33,1,7,0
34,1,7,0
35,1,7,0
36,1,7,0
37,0,0,8
38,1,7,0
39,0,0,8
40,1,7,0
41,0,0,8
42,1,7,0
43,1,7,0
44,1,7,0
45,1,7,0
46,0,0,8
47,1,7,0
48,0,0,8
49,1,7,0
50,1,7,0
51,0,0,8
52,2,6,0
53,1,7,0
54,2,6,0
55,2,6,0
56,0,0,8
57,0,0,8
58,0,0,8
59,0,0,8
60,1,7,0
61,2,6,0
62,2,6,0
63,0,0,8
64,2,6,0
65,2,6,0
66,0,0,8
67,2,6,0
68,5,3,0
69,2,6,0
70,5,3,0
71,5,3,0
72,0,0,8
73,0,0,8
74,0,0,8
75,0,0,8
76,0,0,8
77,0,0,8
78,0,0,8
79,0,0,8
80,0,0,8
81,0,0,8
82,0,0,8
83,0,0,8
84,0,0,8
85,0,0,8
86,0,0,8
87,0,0,8
88,0,0,8
89,0,0,8
90,0,0,8
91,0,0,8
92,0,0,8
93,0,0,8
94,0,0,8
95,0,0,8
96,0,0,8
97,0,0,8
98,0,0,8
99,0,0,8
100,0,0,8
101,0,0,8
102,0,0,8
103,0,0,8
104,0,0,8
105,0,0,8
106,0,0,8
107,0,0,8
108,0,0,8
109,0,0,8
110,0,0,8
111,0,0,8
112,0,0,8
113,0,0,8
114,0,0,8
115,0,0,8
116,0,0,8
117,0,0,8
118,0,0,8
119,0,0,8
120,0,0,8
121,0,0,8
122,0,0,8
123,0,0,8
124,1,7,0
125,1,7,0
126,1,7,0
127,2,6,0
128,1,7,0
129,2,6,0
130,2,6,0
131,2,6,0
132,2,6,0
133,2,6,0
134,1,7,0
135,2,6,0
136,1,7,0
137,0,0,8
138,0,0,8
139,0,0,8
140,0,0,8
141,0,0,8
142,0,0,8
143,0,0,8
144,0,0,8
145,0,0,8
146,0,0,8
147,0,0,8
148,0,0,8
149,0,0,8
150,0,0,8
151,0,0,8
152,0,0,8
153,1,7,0
154,0,0,8
155,2,6,0
156,1,7,0
157,0,0,8
158,1,7,0
159,2,6,0
160,1,7,0
161,0,0,8
162,1,7,0
163,2,6,0
164,2,6,0
165,2,6,0
166,1,7,0
167,2,6,0
168,1,7,0
169,1,7,0
170,1,7,0
171,2,6,0
172,1,7,0
173,1,7,0
174,2,6,0
175,2,6,0
176,1,7,0
177,1,7,0
178,2,6,0
179,1,7,0
180,2,6,0
181,1,7,0
182,2,6,0
183,2,6,0
184,2,6,0
185,3,5,0
186,1,7,0
187,1,7,0
188,1,7,0
189,0,0,8
190,1,7,0
191,1,7,0
192,1,7,0
193,1,7,0
194,1,7,0
195,2,6,0
196,1,7,0
197,1,7,0
198,2,6,0
199,1,7,0
200,2,6,0
201,2,6,0
202,3,5,0
203,2,6,0
204,2,6,0
205,2,6,0
206,2,6,0
207,0,0,8
208,2,6,0
209,2,6,0
210,2,6,0
211,1,7,0
212,2,6,0
213,2,6,0
214,2,6,0
215,2,6,0
216,2,6,0
217,2,6,0
218,2,6,0
219,2,6,0
220,2,6,0
221,0,0,8
222,2,6,0
223,2,6,0
224,2,6,0
225,2,6,0
226,1,7,0
227,2,6,0
228,2,6,0
229,2,6,0
230,2,6,0
231,2,6,0
232,2,6,0
233,1,7,0
234,2,6,0
235,2,6,0
236,2,6,0
237,2,6,0
238,2,6,0
239,1,7,0
240,0,0,8
241,0,0,8
242,0,0,8
243,0,0,8
244,0,0,8
245,0,0,8
246,0,0,8
247,0,0,8
248,0,0,8
249,0,0,8
250,0,0,8
251,0,0,8
252,2,6,0
253,1,7,0
254,1,7,0
255,0,0,8
256,1,7,0
257,1,7,0
258,1,7,0
259,1,7,0
260,1,7,0
261,1,7,0
262,1,7,0
263,4,4,0
264,2,6,0
265,3,5,0
266,1,7,0
267,0,0,8
268,1,7,0
269,2,6,0
270,2,6,0
271,2,6,0
272,1,7,0
273,0,0,8
274,0,0,8
275,0,0,8
276,0,0,8
277,1,7,0
278,0,0,8
279,2,6,0
280,2,6,0
281,0,0,8
282,2,6,0
283,0,0,8
284,1,7,0
285,1,7,0
286,1,7,0
287,0,0,8
288,0,0,8
289,0,0,8
290,0,0,8
291,1,7,0
292,1,7,0
293,2,6,0
294,0,0,8
295,2,6,0
296,1,7,0
297,0,0,8
298,1,7,0
299,0,0,8
300,2,6,0
301,0,0,8
302,0,0,8
303,0,0,8
304,0,0,8
305,0,0,8
306,0,0,8
307,0,0,8
308,0,0,8
309,0,0,8
310,0,0,8
311,0,0,8
312,0,0,8
313,0,0,8
314,0,0,8
315,0,0,8
316,0,0,8
317,0,0,8
318,0,0,8
319,0,0,8
320,0,0,8
321,0,0,8
322,0,0,8
323,0,0,8
324,0,0,8
325,0,0,8
326,0,0,8
327,0,0,8
328,0,0,8
329,0,0,8
330,0,0,8
331,0,0,8
332,0,0,8
333,0,0,8
334,0,0,8
335,0,0,8
336,0,0,8
337,0,0,8
338,0,0,8
339,0,0,8
340,0,0,8
341,0,0,8
342,0,0,8
343,0,0,8
344,0,0,8
345,0,0,8
346,0,0,8
347,0,0,8
348,0,0,8
349,0,0,8
350,0,0,8
351,0,0,8
352,0,0,8
353,0,0,8
354,0,0,8
355,0,0,8
356,0,0,8
357,0,0,8
358,0,0,8
359,0,0,8
360,0,0,8
361,0,0,8
362,0,0,8
363,0,0,8
364,0,0,8
365,0,0,8
366,0,0,8
367,0,0,8
368,0,0,8
369,0,0,8
370,0,0,8
371,0,0,8
372,0,0,8
373,0,0,8
374,0,0,8
375,0,0,8
376,1,7,0
377,1,7,0
378,1,7,0
379,1,7,0
380,2,6,0
381,2,6,0
382,2,6,0
383,1,7,0
384,2,6,0
385,1,7,0
386,0,0,8
387,1,7,0
388,1,7,0
389,1,7,0
390,1,7,0
391,1,7,0
392,2,6,0
393,2,6,0
394,2,6,0
395,2,6,0
396,2,6,0
397,0,0,8
398,1,7,0
399,0,0,8
400,1,7,0
401,1,7,0
402,0,0,8
403,0,0,8
404,0,0,8
405,0,0,8
406,0,0,8
407,0,0,8
408,0,0,8
409,0,0,8
410,0,0,8
411,0,0,8
412,0,0,8
413,1,7,0
414,2,6,0
415,0,0,8
416,2,6,0
417,0,0,8
418,2,6,0
419,2,6,0
420,0,0,8
421,0,0,8
422,1,7,0
423,1,7,0
424,2,6,0
425,1,7,0
426,0,0,8
427,2,6,0
428,0,0,8
429,0,0,8
430,0,0,8
431,0,0,8
432,0,0,8
433,0,0,8
434,0,0,8
435,0,0,8
436,0,0,8
437,0,0,8
438,0,0,8
439,2,6,0
440,2,6,0
441,1,7,0
442,0,0,8
443,2,6,0
444,1,7,0
445,2,6,0
446,2,6,0
447,0,0,8
448,0,0,8
449,2,6,0
450,2,6,0
451,2,6,0
452,1,7,0
453,0,0,8
454,0,0,8
455,0,0,8
456,0,0,8
457,0,0,8
458,0,0,8
459,0,0,8
460,0,0,8
461,1,7,0
462,1,7,0
463,1,7,0
464,1,7,0
465,1,7,0
466,1,7,0
467,1,7,0
468,0,0,8
469,0,0,8
470,0,0,8
471,1,7,0
472,0,0,8
473,0,0,8
474,0,0,8
475,0,0,8
476,1,7,0
477,0,0,8
478,0,0,8
479,0,0,8
480,1,7,0
481,1,7,0
482,1,7,0
483,1,7,0
484,0,0,8
485,1,7,0
486,1,7,0
487,1,7,0
488,1,7,0
489,1,7,0
490,1,7,0
491,1,7,0
492,1,7,0
493,1,7,0
494,1,7,0
495,1,7,0
496,1,7,0
497,1,7,0
498,1,7,0
499,1,7,0
500,1,7,0
501,0,0,8
502,1,7,0
503,0,0,8
504,1,7,0
505,0,0,8
506,1,7,0
507,0,0,8
508,1,7,0
509,1,7,0
510,1,7,0
511,1,7,0
512,1,7,0
513,1,7,0
514,1,7,0
515,1,7,0
516,1,7,0
517,0,0,8
518,0,0,8
519,0,0,8
520,0,0,8
521,0,0,8
522,0,0,8
523,0,0,8
524,0,0,8
525,0,0,8
526,0,0,8
527,0,0,8
528,0,0,8
529,0,0,8
530,0,0,8
531,0,0,8
532,0,0,8
533,0,0,8
534,0,0,8
535,0,0,8
536,0,0,8
537,0,0,8
538,0,0,8
539,0,0,8
540,0,0,8
541,1,7,0
542,1,7,0
543,4,4,0
544,4,4,0
545,4,4,0
546,1,7,0
547,0,0,8
548,0,0,8
549,0,0,8
550,0,0,8
551,0,0,8
552,0,0,8
553,0,0,8
554,0,0,8
555,0,0,8
556,0,0,8
557,0,0,8
558,0,0,8
559,0,0,8
560,0,0,8
561,0,0,8
562,0,0,8
563,0,0,8
564,0,0,8
565,0,0,8
566,0,0,8
567,0,0,8
568,0,0,8
569,0,0,8
570,0,0,8
571,0,0,8
572,0,0,8
573,0,0,8
574,0,0,8
575,0,0,8
576,0,0,8
577,0,0,8
578,0,0,8
579,0,0,8
580,0,0,8
581,0,0,8
582,0,0,8
583,0,0,8
584,0,0,8
585,0,0,8
586,0,0,8
587,0,0,8
588,0,0,8
589,0,0,8
590,0,0,8
591,0,0,8
592,0,0,8
593,0,0,8
594,0,0,8
595,0,0,8
596,0,0,8
597,0,0,8
598,1,7,0
599,1,7,0
600,2,6,0
601,2,6,0
602,2,6,0
603,5,3,0
604,5,3,0
605,2,6,0
606,0,0,8
607,0,0,8
608,0,0,8
609,0,0,8
610,0,0,8
611,1,7,0
612,0,0,8
613,0,0,8
614,0,0,8
615,1,7,0
616,0,0,8
617,1,7,0
618,0,0,8
619,0,0,8
620,0,0,8
621,0,0,8
622,0,0,8
623,1,7,0
624,1,7,0
625,0,0,8
626,2,6,0
627,2,6,0
628,0,0,8
629,3,5,0
630,3,5,0
631,4,4,0
632,3,5,0
633,3,5,0
634,1,7,0
635,1,7,0
636,1,7,0
637,1,7,0
638,3,5,0
639,2,6,0
640,1,7,0
641,2,6,0
642,0,0,8
643,0,0,8
644,0,0,8
645,0,0,8
646,0,0,8
647,0,0,8
648,0,0,8
649,0,0,8
650,0,0,8
651,0,0,8
652,1,7,0
653,1,7,0
654,1,7,0
655,1,7,0
656,2,6,0
657,1,7,0
658,1,7,0
659,2,6,0
660,1,7,0
661,2,6,0
662,1,7,0
663,0,0,8
664,1,7,0
665,1,7,0
666,1,7,0
667,1,7,0
668,2,6,0
669,1,7,0
670,2,6,0
671,2,6,0
672,1,7,0
673,1,7,0
674,0,0,8
675,1,7,0
676,0,0,8
677,0,0,8
678,0,0,8
679,0,0,8
680,1,7,0
681,2,6,0
682,1,7,0
683,1,7,0
684,1,7,0
685,0,0,8
686,1,7,0
687,1,7,0
688,2,6,0
689,1,7,0
690,1,7,0
691,1,7,0
692,0,0,8
693,2,6,0
694,2,6,0
695,0,0,8
696,2,6,0
697,1,7,0
698,1,7,0
699,2,6,0
700,2,6,0
701,1,7,0
702,1,7,0
703,1,7,0
704,2,6,0
705,1,7,0
706,0,0,8
707,1,7,0
708,1,7,0
709,1,7,0
710,4,4,0
711,0,0,8
712,4,4,0
713,1,7,0
714,1,7,0
715,2,6,0
716,1,7,0
717,2,6,0
718,1,7,0
719,0,0,8
720,0,0,8
721,0,0,8
722,0,0,8
723,0,0,8
724,0,0,8
725,0,0,8
726,0,0,8
727,0,0,8
728,0,0,8
729,0,0,8
730,1,7,0
731,1,7,0
732,1,7,0
733,1,7,0
734,0,0,8
735,0,0,8
736,0,0,8
737,0,0,8
738,0,0,8
739,0,0,8
740,0,0,8
741,0,0,8
742,1,7,0
743,1,7,0
744,1,7,0
745,2,6,0
746,0,0,8
747,0,0,8
748,2,6,0
749,1,7,0
750,2,6,0
751,0,0,8
752,1,7,0